<?xml version="1.0"?>
<opencv_storage>
<image_width>640</image_width>
<image_height>480</image_height>
<camera_matrix type_id="opencv-matrix">
  <rows>3</rows>
  <cols>3</cols>
  <dt>d</dt>
  <data>
    6.5215320777365071e+02 0. 320. 0. 6.5460716255059492e+02 240. 0. 0.
    1.</data></camera_matrix>
<distortion_coefficients type_id="opencv-matrix">
  <rows>1</rows>
  <cols>5</cols>
  <dt>d</dt>
  <data>
    -2.2280000927415392e-02 1.2966312844814054e-01 0. 0.
    -1.2476744385729417e+00</data></distortion_coefficients>
</opencv_storage>
