<?xml version="1.0"?>
<opencv_storage>
<rvec type_id="opencv-matrix">
  <rows>3</rows>
  <cols>1</cols>
  <dt>d</dt>
  <data>
    -6.3457259129927820e-02 -1.4188657406071875e-01
    2.0748371445086601e-02</data></rvec>
<tvec type_id="opencv-matrix">
  <rows>3</rows>
  <cols>1</cols>
  <dt>d</dt>
  <data>
    -1.7153989420502882e+02 5.6481148688262834e+01
    2.4845673188773117e+03</data></tvec>
<tvec_norm>2.4911224011465615e+03</tvec_norm>
</opencv_storage>
