<?xml version="1.0"?>
<opencv_storage>
<rvec type_id="opencv-matrix">
  <rows>3</rows>
  <cols>1</cols>
  <dt>d</dt>
  <data>
    -6.5215865921927879e-02 8.9737110538930881e-02
    1.5105146557987101e-02</data></rvec>
<tvec type_id="opencv-matrix">
  <rows>3</rows>
  <cols>1</cols>
  <dt>d</dt>
  <data>
    -1.7223435783025209e+02 5.7295066494387086e+01
    2.5037042931116762e+03</data></tvec>
<tvec_norm>2.5102754004307244e+03</tvec_norm>
</opencv_storage>
