<?xml version="1.0"?>
<opencv_storage>
<rvec type_id="opencv-matrix">
  <rows>3</rows>
  <cols>1</cols>
  <dt>d</dt>
  <data>
    -3.6749158847783542e-02 -1.3983692761920152e-01
    2.1658082321808499e-02</data></rvec>
<tvec type_id="opencv-matrix">
  <rows>3</rows>
  <cols>1</cols>
  <dt>d</dt>
  <data>
    -1.7142589814732415e+02 5.4706505612662184e+01
    2.4803572319272225e+03</data></tvec>
<tvec_norm>2.4868758791474975e+03</tvec_norm>
</opencv_storage>
