<?xml version="1.0"?>
<opencv_storage>
<rvec type_id="opencv-matrix">
  <rows>3</rows>
  <cols>1</cols>
  <dt>d</dt>
  <data>
    -6.4881229214276540e-02 7.1945550577744044e-02
    1.3996234517487022e-02</data></rvec>
<tvec type_id="opencv-matrix">
  <rows>3</rows>
  <cols>1</cols>
  <dt>d</dt>
  <data>
    -1.3252893881551705e+02 1.2332919407205386e+01
    1.4072528459555242e+03</data></tvec>
<tvec_norm>1.4135333717230005e+03</tvec_norm>
</opencv_storage>
