<?xml version="1.0"?>
<opencv_storage>
<rvec type_id="opencv-matrix">
  <rows>3</rows>
  <cols>1</cols>
  <dt>d</dt>
  <data>
    -7.1410348900096163e-02 9.8517710175168152e-02
    1.3644464555360749e-02</data></rvec>
<tvec type_id="opencv-matrix">
  <rows>3</rows>
  <cols>1</cols>
  <dt>d</dt>
  <data>
    -1.3223699452384417e+02 1.1990051609190214e+01
    1.4085780347843838e+03</data></tvec>
<tvec_norm>1.4148224143458172e+03</tvec_norm>
</opencv_storage>
