<?xml version="1.0"?>
<opencv_storage>
<rvec type_id="opencv-matrix">
  <rows>3</rows>
  <cols>1</cols>
  <dt>d</dt>
  <data>
    -3.1735659116690178e-02 8.9750317122139136e-04
    1.6752527737952310e-02</data></rvec>
<tvec type_id="opencv-matrix">
  <rows>3</rows>
  <cols>1</cols>
  <dt>d</dt>
  <data>
    -1.0988799022026863e+02 -9.1157797004585689e+01
    3.7310591903808000e+02</data></tvec>
<tvec_norm>3.9949110274276376e+02</tvec_norm>
</opencv_storage>
