<?xml version="1.0"?>
<opencv_storage>
<rvec type_id="opencv-matrix">
  <rows>3</rows>
  <cols>1</cols>
  <dt>d</dt>
  <data>
    -3.9974978248808975e-02 6.3798270884465602e-03
    1.6971327531701150e-02</data></rvec>
<tvec type_id="opencv-matrix">
  <rows>3</rows>
  <cols>1</cols>
  <dt>d</dt>
  <data>
    -1.1000197678560485e+02 -9.1114082957194498e+01
    3.7471306122008065e+02</data></tvec>
<tvec_norm>4.0101382676760056e+02</tvec_norm>
</opencv_storage>
