<?xml version="1.0"?>
<opencv_storage>
<rvec type_id="opencv-matrix">
  <rows>3</rows>
  <cols>1</cols>
  <dt>d</dt>
  <data>
    -3.1877881283616467e-02 -1.4361747424143164e-03
    1.6449087950086413e-02</data></rvec>
<tvec type_id="opencv-matrix">
  <rows>3</rows>
  <cols>1</cols>
  <dt>d</dt>
  <data>
    -1.0999504973205143e+02 -9.1005856622668560e+01
    3.7275859994547767e+02</data></tvec>
<tvec_norm>3.9916155969543814e+02</tvec_norm>
</opencv_storage>
