<?xml version="1.0"?>
<opencv_storage>
<rvec type_id="opencv-matrix">
  <rows>3</rows>
  <cols>1</cols>
  <dt>d</dt>
  <data>
    -3.5749229866322445e-02 1.8350651291418349e-03
    1.6478541396364281e-02</data></rvec>
<tvec type_id="opencv-matrix">
  <rows>3</rows>
  <cols>1</cols>
  <dt>d</dt>
  <data>
    -1.0997349457823724e+02 -9.1074047565442640e+01
    3.7362654852349380e+02</data></tvec>
<tvec_norm>3.9998181135056723e+02</tvec_norm>
</opencv_storage>
