<?xml version="1.0"?>
<opencv_storage>
<rvec type_id="opencv-matrix">
  <rows>3</rows>
  <cols>1</cols>
  <dt>d</dt>
  <data>
    -4.9089109481210584e-02 4.6749139531063145e-03
    1.7227716220530393e-02</data></rvec>
<tvec type_id="opencv-matrix">
  <rows>3</rows>
  <cols>1</cols>
  <dt>d</dt>
  <data>
    -1.1000879360698666e+02 -9.1155442234691265e+01
    3.7550125448227982e+02</data></tvec>
<tvec_norm>4.0176167243483121e+02</tvec_norm>
</opencv_storage>
