<?xml version="1.0"?>
<opencv_storage>
<dist_coeffs type_id="opencv-matrix">
  <rows>1</rows>
  <cols>5</cols>
  <dt>d</dt>
  <data>
    3.4305929327286796e-03 -4.3663130844743140e-03
    1.9948632416051989e-03 -6.2942093765499677e-03
    -2.1011387450476152e-01</data></dist_coeffs>
</opencv_storage>
