<?xml version="1.0"?>
<opencv_storage>
<camera_matrix type_id="opencv-matrix">
  <rows>3</rows>
  <cols>3</cols>
  <dt>d</dt>
  <data>
    6.3539103204963078e+02 0. 3.0816181359488911e+02 0.
    6.3332527963132054e+02 2.4774310169755844e+02 0. 0. 1.</data></camera_matrix>
</opencv_storage>
