<?xml version="1.0"?>
<opencv_storage>
<camera_matrix type_id="opencv-matrix">
  <rows>3</rows>
  <cols>3</cols>
  <dt>d</dt>
  <data>
    6.5820968394569627e+02 0. 3.3844137625985019e+02 0.
    6.5751211895281642e+02 2.6512076847668249e+02 0. 0. 1.</data></camera_matrix>
</opencv_storage>
